   0.00000000       0.00000000       0.00000000       0.00000000       0.00000000       0.00000000    
   5.99999952       10.1963053       8.48528194       8.28928185       10.3923054       5.80399990    
   11.9999990       20.0006104       16.9705639       16.1865635       20.7846107       11.2159996    
   18.0000000       29.4129162       25.4558449       23.6918449       31.1769161       16.2360001    
   24.0000000       38.4332237       33.9411278       30.8051262       41.5692253       20.8640022    
   30.0000019       47.0615311       42.4264107       37.5264091       51.9615326       25.1000023    
   36.0000038       55.2978363       50.9116936       43.8556900       62.3538399       28.9440022    
   42.0000038       63.1421432       59.3969803       49.7929764       72.7461472       32.3960037    
   48.0000038       70.5944443       67.8822632       55.3382568       83.1384506       35.4560013    
   54.0000076       77.6547546       76.3675461       60.4915390       93.5307617       38.1240005    
   60.0000038       84.3230591       84.8528214       65.2528152       103.923065       40.4000015    
   66.0000000       90.5993576       93.3380966       69.6220932       114.315361       42.2839966    
   71.9999924       96.4836502       101.823372       73.5993729       124.707649       43.7759933    
   77.9999847       101.975952       110.308647       77.1846542       135.099945       44.8759995    
   83.9999771       107.076263       118.793915       80.3779297       145.492249       45.5839958    
   89.9999695       111.784554       127.279190       83.1792068       155.884537       45.8999939    
   95.9999695       116.100868       135.764465       85.5884933       166.276840       45.8239975    
   101.999962       120.025162       144.249741       87.6057739       176.669128       45.3560028    
   107.999954       123.557465       152.735016       89.2310638       187.061417       44.4960060    
   113.999947       126.697769       161.220276       90.4643250       197.453720       43.2440033    
   119.999939       129.446075       169.705551       91.3056183       207.846008       41.6000137    
   125.999947       131.802399       178.190842       91.7549057       218.238327       39.5640182    
   131.999939       133.766693       186.676117       91.8121948       228.630615       37.1360168    
   137.999924       135.338989       195.161392       91.4774857       239.022903       34.3160324    
   143.999924       136.519318       203.646667       90.7507706       249.415207       31.1040421    
   149.999924       137.307602       212.131927       89.6320343       259.807495       27.5000305    
   155.999908       137.703934       220.617203       88.1213379       270.199799       23.5040588    
   161.999908       137.708252       229.102478       86.2186279       280.592102       19.1160736    
   167.999893       137.320541       237.587753       83.9239197       290.984375       14.3360748    
   173.999893       136.540848       246.073029       81.2371979       301.376678       9.16407776    
   179.999893       135.369171       254.558304       78.1584930       311.768982       3.60008240    
   185.999878       133.805496       263.043579       74.6877899       322.161285      -2.35589600    
   191.999878       131.849777       271.528839       70.8250580       332.553558      -8.70388794    
   197.999863       129.502106       280.014130       66.5703735       342.945862      -15.4438782    
   203.999863       126.762436       288.499390       61.9236603       353.338165      -22.5758514    
   209.999863       123.630737       296.984680       56.8849792       363.730438      -30.0998230    
   215.999847       120.107056       305.469940       51.4542542       374.122742      -38.0158234    
   221.999847       116.191376       313.955200       45.6315308       384.515045      -46.3238068    
   227.999832       111.883698       322.440491       39.4168396       394.907349      -55.0238037    
   233.999832       107.184021       330.925751       32.8101501       405.299622      -64.1157532    
   239.999832       102.092316       339.411041       25.8114319       415.691925      -73.5997620    
   245.999832       96.6086426       347.896332       18.4207153       426.084259      -83.4757690    
   251.999863       90.7329407       356.381653       10.6380005       436.476593      -93.7437744    
   257.999878       84.4652100       364.866943       2.46322632       446.868927      -104.403809    
   263.999908       77.8055115       373.352264      -6.10351562       457.261292      -115.455872    
   269.999939       70.7537537       381.837585      -15.0622864       467.653625      -126.899933    
   275.999939       63.3100586       390.322906      -24.4129944       478.045959      -138.735931    
   281.999969       55.4743347       398.808197      -34.1557922       488.438324      -150.963989    
   288.000000       47.2466431       407.293518      -44.2904968       498.830658      -163.584015    
   294.000031       38.6268616       415.778839      -54.8172913       509.222992      -176.596100    
   300.000031       29.6151733       424.264160      -65.7360229       519.615356      -190.000122    
   306.000061       20.2114258       432.749451      -77.0468140       530.007690      -203.796173    
   312.000092       10.4156494       441.234772      -88.7496033       540.400024      -217.984283    
   318.000092      0.227905273       449.720093      -100.844360       550.792358      -232.564331    
   324.000122      -10.3518066       458.205414      -113.331146       561.184753      -247.536407    
   330.000153      -21.3235474       466.690704      -126.209930       571.577087      -262.900452    
   336.000183      -32.6873169       475.176025      -139.480713       581.969421      -278.656555    
   342.000183      -44.4430542       483.661346      -153.143463       592.361755      -294.804596    
   348.000214      -56.5908203       492.146667      -167.198242       602.754089      -311.344666    
   354.000244      -69.1306152       500.631958      -181.645081       613.146423      -328.276764    
   360.000275      -82.0623169       509.117279      -196.483856       623.538818      -345.600861    
   366.000275      -95.3861084       517.602600      -211.714661       633.931152      -363.316956    
   372.000305      -109.101868       526.087891      -227.337463       644.323486      -381.425018    
   378.000336      -123.209656       534.573242      -243.352234       654.715820      -399.925110    
   384.000366      -137.709412       543.058533      -259.759033       665.108154      -418.817200    
   390.000366      -152.601257       551.543884      -276.557861       675.500488      -438.101349    
   396.000397      -167.884949       560.029175      -293.748657       685.892883      -457.777405    
   402.000427      -183.560730       568.514465      -311.331482       696.285217      -477.845490    
   408.000458      -199.628540       576.999817      -329.306274       706.677551      -498.305634    
   414.000458      -216.088379       585.485107      -347.673157       717.069885      -519.157776    
   420.000488      -232.940186       593.970398      -366.432007       727.462219      -540.401855    
   426.000519      -250.183899       602.455750      -385.582764       737.854614      -562.037964    
   432.000519      -267.819702       610.941040      -405.125610       748.246948      -584.066101    
   438.000549      -285.847534       619.426392      -425.060425       758.639282      -606.486206    
   444.000580      -304.267334       627.911682      -445.387268       769.031616      -629.298340    
   450.000610      -323.079102       636.396973      -466.106079       779.423950      -652.502441    
   456.000610      -342.282959       644.882324      -487.216919       789.816284      -676.098633    
   462.000641      -361.878723       653.367615      -508.719788       800.208679      -700.086731    
   468.000671      -381.866638       661.852905      -530.614746       810.601013      -724.466919    
   474.000702      -402.246399       670.338257      -552.901489       820.993347      -749.239014    
   480.000702      -423.018250       678.823547      -575.580383       831.385681      -774.403198    
   486.000732      -444.182068       687.308899      -598.651184       841.778015      -799.959351    
   492.000763      -465.737976       695.794189      -622.114136       852.170349      -825.907532    
   498.000793      -487.685791       704.279480      -645.969055       862.562744      -852.247681    
   504.000793      -510.025513       712.764832      -670.215759       872.955078      -878.979736    
   510.000824      -532.757446       721.250122      -694.854736       883.347412      -906.104004    
   516.000854      -555.881226       729.735474      -719.885498       893.739746      -933.620117    
   522.000854      -579.397095       738.220764      -745.308411       904.132080      -961.528259    
   528.000916      -603.304871       746.706055      -771.123291       914.524475      -989.828430    
   534.000916      -627.604675       755.191406      -797.330078       924.916809      -1018.52051    
   540.000916      -652.296570       763.676697      -823.929016       935.309143      -1047.60474    
   546.000977      -677.380432       772.161987      -850.919922       945.701477      -1077.08093    
   552.000977      -702.856384       780.647339      -878.302856       956.093811      -1106.94922    
   558.000977      -728.724304       789.132629      -906.077820       966.486145      -1137.20947    
   564.001038      -754.984131       797.617981      -934.244690       976.878540      -1167.86157    
   570.001038      -781.635864       806.103271      -962.803467       987.270874      -1198.90564    
   576.001099      -808.679810       814.588562      -991.754456       997.663208      -1230.34192    
   582.001099      -836.115601       823.073914      -1021.09723       1008.05554      -1262.16992    
   588.001099      -863.943481       831.559204      -1050.83215       1018.44788      -1294.39014    
   594.001160      -892.163452       840.044495      -1080.95923       1028.84021      -1327.00244    
   600.001160      -920.775391       848.529846      -1111.47803       1039.23254      -1360.00671    
   606.001160      -949.779297       857.015137      -1142.38904       1049.62488      -1393.40295    
   612.001221      -979.175049       865.500488      -1173.69177       1060.01721      -1427.19104    
   618.001221      -1008.96289       873.985779      -1205.38672       1070.40967      -1461.37134    
   624.001282      -1039.14282       882.471069      -1237.47375       1080.80200      -1495.94360    
   630.001282      -1069.71460       890.956421      -1269.95251       1091.19434      -1530.90759    
   636.001282      -1100.67871       899.441711      -1302.82373       1101.58667      -1566.26404    
   642.001343      -1132.03467       907.927063      -1336.08667       1111.97900      -1602.01233    
   648.001343      -1163.78247       916.412354      -1369.74146       1122.37134      -1638.15234    
   654.001343      -1195.92236       924.897644      -1403.78833       1132.76367      -1674.68457    
   660.001404      -1228.45435       933.382996      -1438.22729       1143.15601      -1711.60889    
   666.001404      -1261.37842       941.868286      -1473.05847       1153.54834      -1748.92529    
   672.001404      -1294.69409       950.353577      -1508.28125       1163.94067      -1786.63330    
   678.001465      -1328.40210       958.838928      -1543.89624       1174.33301      -1824.73364    
   684.001465      -1362.50183       967.324219      -1579.90308       1184.72546      -1863.22583    
   690.001526      -1396.99402       975.809570      -1616.30225       1195.11780      -1902.11035    
   696.001526      -1431.87781       984.294861      -1653.09302       1205.51013      -1941.38635    
   702.001526      -1467.15393       992.780151      -1690.27625       1215.90247      -1981.05481    
   708.001587      -1502.82166       1001.26550      -1727.85095       1226.29480      -2021.11487    
   714.001587      -1538.88171       1009.75079      -1765.81812       1236.68713      -2061.56714    
   720.001587      -1575.33386       1018.23608      -1804.17725       1247.07947      -2102.41162    
   726.001648      -1612.17737       1026.72144      -1842.92773       1257.47180      -2143.64746    
   732.001648      -1649.41370       1035.20679      -1882.07104       1267.86414      -2185.27612    
   738.001709      -1687.04163       1043.69202      -1921.60608       1278.25647      -2227.29639    
   744.001709      -1725.06140       1052.17737      -1961.53284       1288.64880      -2269.70850    
   750.001709      -1763.47327       1060.66272      -2001.85168       1299.04114      -2312.51270    
   756.001770      -1802.27734       1069.14795      -2042.56299       1309.43359      -2355.70923    
   762.001770      -1841.47314       1077.63330      -2083.66577       1319.82593      -2399.29736    
   768.001770      -1881.06128       1086.11865      -2125.16089       1330.21826      -2443.27783    
   774.001831      -1921.04102       1094.60388      -2167.04785       1340.61060      -2487.64966    
   780.001831      -1961.41333       1103.08923      -2209.32715       1351.00293      -2532.41431    
   786.001831      -2002.17725       1111.57458      -2251.99805       1361.39526      -2577.57056    
   792.001892      -2043.33301       1120.05994      -2295.06055       1371.78760      -2623.11865    
   798.001892      -2084.88110       1128.54517      -2338.51587       1382.17993      -2669.05908    
   804.001953      -2126.82104       1137.03052      -2382.36279       1392.57227      -2715.39136    
   810.001953      -2169.15308       1145.51587      -2426.60181       1402.96460      -2762.11572    
   816.001953      -2211.87720       1154.00110      -2471.23291       1413.35693      -2809.23218    
   822.002014      -2254.99316       1162.48645      -2516.25586       1423.74939      -2856.74023    
   828.002014      -2298.50098       1170.97180      -2561.67090       1434.14172      -2904.64062    
   834.002014      -2342.40088       1179.45703      -2607.47803       1444.53406      -2952.93311    
   840.002075      -2386.69336       1187.94238      -2653.67725       1454.92639      -3001.61743    
   846.002075      -2431.37695       1196.42773      -2700.26807       1465.31873      -3050.69360    
   852.002136      -2476.45312       1204.91296      -2747.25098       1475.71106      -3100.16187    
   858.002136      -2521.92090       1213.39832      -2794.62598       1486.10339      -3150.02222    
   864.002136      -2567.78076       1221.88367      -2842.39307       1496.49573      -3200.27441    
   870.002197      -2614.03320       1230.36890      -2890.55249       1506.88806      -3250.91919    
   876.002197      -2660.67725       1238.85425      -2939.10327       1517.28040      -3301.95532    
   882.002197      -2707.71289       1247.33960      -2988.04614       1527.67273      -3353.38354    
   888.002258      -2755.14160       1255.82495      -3037.38159       1538.06506      -3405.20410    
   894.002258      -2802.96143       1264.31018      -3087.10889       1548.45752      -3457.41650    
   900.002258      -2851.17310       1272.79553      -3137.22754       1558.84985      -3510.02051    
   906.002319      -2899.77734       1281.28088      -3187.73877       1569.24219      -3563.01709    
   912.002319      -2948.77319       1289.76611      -3238.64160       1579.63452      -3616.40527    
   918.002380      -2998.16162       1298.25146      -3289.93701       1590.02686      -3670.18604    
   924.002380      -3047.94165       1306.73682      -3341.62402       1600.41919      -3724.35840    
   930.002380      -3098.11328       1315.22205      -3393.70264       1610.81152      -3778.92236    
   936.002441      -3148.67749       1323.70740      -3446.17383       1621.20386      -3833.87891    
   942.002441      -3199.63379       1332.19275      -3499.03711       1631.59619      -3889.22754    
   948.002441      -3250.98169       1340.67798      -3552.29224       1641.98853      -3944.96777    
   954.002502      -3302.72168       1349.16333      -3605.93921       1652.38086      -4001.10010    
   960.002441      -3354.85327       1357.64856      -3659.97803       1662.77319      -4057.62402    
   966.002380      -3407.37622       1366.13379      -3714.40771       1673.16528      -4114.53906    
   972.002258      -3460.29102       1374.61890      -3769.22974       1683.55750      -4171.84619    
   978.002197      -3513.59814       1383.10400      -3824.44385       1693.94958      -4229.54541    
   984.002075      -3567.29736       1391.58923      -3880.04980       1704.34180      -4287.63721    
   990.002014      -3621.38818       1400.07434      -3936.04785       1714.73389      -4346.12012    
   996.001892      -3675.87158       1408.55945      -3992.43799       1725.12610      -4404.99561    
   1002.00183      -3730.74658       1417.04468      -4049.21997       1735.51819      -4464.26270    
   1008.00171      -3786.01367       1425.52979      -4106.39404       1745.91028      -4523.92188    
   1014.00165      -3841.67261       1434.01489      -4163.95996       1756.30249      -4583.97363    
   1020.00153      -3897.72339       1442.50012      -4221.91797       1766.69458      -4644.41650    
   1026.00146      -3954.16602       1450.98523      -4280.26758       1777.08679      -4705.25146    
   1032.00134      -4011.00098       1459.47046      -4339.00977       1787.47888      -4766.47852    
   1038.00122      -4068.22803       1467.95557      -4398.14355       1797.87109      -4828.09766    
   1044.00122      -4125.84668       1476.44067      -4457.66895       1808.26318      -4890.10840    
   1050.00110      -4183.85791       1484.92590      -4517.58740       1818.65540      -4952.51221    
   1056.00098      -4242.26074       1493.41101      -4577.89697       1829.04749      -5015.30713    
   1062.00085      -4301.05566       1501.89612      -4638.59912       1839.43970      -5078.49414    
   1068.00085      -4360.24219       1510.38135      -4699.69287       1849.83179      -5142.07324    
   1074.00073      -4419.82129       1518.86646      -4761.17871       1860.22400      -5206.04492    
   1080.00061      -4479.79248       1527.35156      -4823.05713       1870.61609      -5270.40820    
   1086.00049      -4540.15479       1535.83679      -4885.32617       1881.00818      -5335.16260    
   1092.00049      -4600.90967       1544.32190      -4947.98828       1891.40039      -5400.30957    
   1098.00037      -4662.05664       1552.80713      -5011.04199       1901.79248      -5465.84863    
   1104.00024      -4723.59570       1561.29224      -5074.48828       1912.18469      -5531.77979    
   1110.00012      -4785.52637       1569.77734      -5138.32568       1922.57678      -5598.10254    
   1116.00012      -4847.84863       1578.26257      -5202.55518       1932.96899      -5664.81787    
   1122.00000      -4910.56348       1586.74768      -5267.17725       1943.36108      -5731.92480    
   1127.99988      -4973.67041       1595.23279      -5332.19092       1953.75330      -5799.42383    
   1133.99976      -5037.16846       1603.71802      -5397.59570       1964.14539      -5867.31396    
   1139.99976      -5101.05957       1612.20312      -5463.39404       1974.53760      -5935.59766    
   1145.99963      -5165.34229       1620.68823      -5529.58398       1984.92969      -6004.27246    
   1151.99951      -5230.01709       1629.17346      -5596.16553       1995.32190      -6073.33936    
   1157.99939      -5295.08398       1637.65857      -5663.13916       2005.71399      -6142.79834    
   1163.99939      -5360.54248       1646.14380      -5730.50488       2016.10608      -6212.64893    
   1169.99927      -5426.39258       1654.62891      -5798.26221       2026.49829      -6282.89160    
   1175.99915      -5492.63574       1663.11401      -5866.41211       2036.89038      -6353.52637    
   1181.99902      -5559.27002       1671.59924      -5934.95361       2047.28259      -6424.55371    
   1187.99902      -5626.29688       1680.08435      -6003.88721       2057.67480      -6495.97266    
   1193.99890      -5693.71582       1688.56946      -6073.21338       2068.06689      -6567.78369    
   1199.99878      -5761.52637       1697.05469      -6142.93066       2078.45898      -6639.98633    
   1205.99866      -5829.72900       1705.53979      -6213.04004       2088.85107      -6712.58105    
   1211.99854      -5898.32324       1714.02490      -6283.54150       2099.24341      -6785.56787    
   1217.99854      -5967.30957       1722.51013      -6354.43506       2109.63550      -6858.94678    
   1223.99841      -6036.68848       1730.99524      -6425.72070       2120.02759      -6932.71729    
   1229.99829      -6106.45898       1739.48047      -6497.39844       2130.41968      -7006.88037    
   1235.99817      -6176.62158       1747.96558      -6569.46777       2140.81201      -7081.43555    
   1241.99817      -6247.17578       1756.45068      -6641.92920       2151.20410      -7156.38184    
   1247.99805      -6318.12256       1764.93591      -6714.78271       2161.59619      -7231.72070    
   1253.99792      -6389.46094       1773.42102      -6788.02832       2171.98828      -7307.45117    
   1259.99780      -6461.19189       1781.90613      -6861.66602       2182.38037      -7383.57422    
   1265.99780      -6533.31445       1790.39136      -6935.69531       2192.77271      -7460.08887    
   1271.99768      -6605.82812       1798.87646      -7010.11670       2203.16479      -7536.99512    
   1277.99756      -6678.73535       1807.36157      -7084.93066       2213.55688      -7614.29443    
   1283.99744      -6752.03320       1815.84680      -7160.13574       2223.94897      -7691.98486    
   1289.99744      -6825.72314       1824.33191      -7235.73242       2234.34131      -7770.06689    
   1295.99731      -6899.80664       1832.81714      -7311.72266       2244.73340      -7848.54248    
   1301.99719      -6974.28076       1841.30225      -7388.10400       2255.12549      -7927.40918    
   1307.99707      -7049.14648       1849.78735      -7464.87695       2265.51758      -8006.66699    
   1313.99707      -7124.40430       1858.27258      -7542.04199       2275.90991      -8086.31738    
   1319.99695      -7200.05566       1866.75769      -7619.59961       2286.30200      -8166.36035    
   1325.99683      -7276.09766       1875.24280      -7697.54932       2296.69409      -8246.79492    
   1331.99670      -7352.53320       1883.72803      -7775.89111       2307.08618      -8327.62207    
   1337.99670      -7429.35840       1892.21313      -7854.62402       2317.47827      -8408.83984    
   1343.99658      -7506.57666       1900.69824      -7933.74902       2327.87061      -8490.45020    
   1349.99646      -7584.18750       1909.18347      -8013.26660       2338.26270      -8572.45312    
   1355.99634      -7662.18994       1917.66858      -8093.17627       2348.65479      -8654.84863    
   1361.99634      -7740.58398       1926.15381      -8173.47705       2359.04688      -8737.63477    
   1367.99622      -7819.36914       1934.63892      -8254.16992       2369.43921      -8820.81250    
   1373.99609      -7898.54883       1943.12402      -8335.25586       2379.83130      -8904.38379    
   1379.99597      -7978.11816       1951.60925      -8416.73242       2390.22339      -8988.34570    
   1385.99597      -8058.08105       1960.09436      -8498.60156       2400.61548      -9072.70020    
   1391.99585      -8138.43555       1968.57947      -8580.86426       2411.00781      -9157.44727    
   1397.99573      -8219.18164       1977.06470      -8663.51660       2421.39990      -9242.58496    
   1403.99561      -8300.31934       1985.54980      -8746.56152       2431.79199      -9328.11523    
   1409.99561      -8381.84961       1994.03491      -8829.99805       2442.18408      -9414.03711    
   1415.99548      -8463.77148       2002.52014      -8913.82715       2452.57617      -9500.35156    
   1421.99536      -8546.08496       2011.00525      -8998.04883       2462.96851      -9587.05859    
   1427.99524      -8628.79199       2019.49048      -9082.66211       2473.36060      -9674.15723    
   1433.99524      -8711.88965       2027.97559      -9167.66699       2483.75269      -9761.64746    
   1439.99512      -8795.37988       2036.46069      -9253.06348       2494.14478      -9849.52930    
   1445.99500      -8879.26270       2044.94592      -9338.85352       2504.53711      -9937.80469    
   1451.99487      -8963.53711       2053.43115      -9425.03516       2514.92920      -10026.4707    
   1457.99487      -9048.20215       2061.91626      -9511.60742       2525.32129      -10115.5283    
   1463.99475      -9133.25977       2070.40137      -9598.57227       2535.71338      -10204.9785    
   1469.99463      -9218.71094       2078.88647      -9685.92969       2546.10571      -10294.8213    
   1475.99451      -9304.55176       2087.37158      -9773.67773       2556.49780      -10385.0547    
   1481.99451      -9390.78613       2095.85669      -9861.81934       2566.88989      -10475.6816    
   1487.99438      -9477.41211       2104.34204      -9950.35254       2577.28198      -10566.7002    
   1493.99426      -9564.43066       2112.82715      -10039.2773       2587.67407      -10658.1104    
   1499.99414      -9651.84082       2121.31226      -10128.5947       2598.06641      -10749.9131    
   1505.99414      -9739.64258       2129.79736      -10218.3027       2608.45850      -10842.1064    
   1511.99402      -9827.83594       2138.28247      -10308.4043       2618.85059      -10934.6924    
   1517.99390      -9916.42188       2146.76782      -10398.8975       2629.24268      -11027.6709    
   1523.99377      -10005.4004       2155.25293      -10489.7822       2639.63501      -11121.0410    
   1529.99377      -10094.7705       2163.73804      -10581.0596       2650.02710      -11214.8037    
   1535.99365      -10184.5332       2172.22314      -10672.7285       2660.41919      -11308.9580    
   1541.99353      -10274.6865       2180.70825      -10764.7900       2670.81128      -11403.5039    
   1547.99341      -10365.2324       2189.19336      -10857.2422       2681.20361      -11498.4424    
   1553.99341      -10456.1689       2197.67871      -10950.0859       2691.59570      -11593.7715    
   1559.99329      -10547.5000       2206.16382      -11043.3242       2701.98779      -11689.4951    
   1565.99316      -10639.2217       2214.64893      -11136.9531       2712.37988      -11785.6084    
   1571.99304      -10731.3359       2223.13403      -11230.9736       2722.77197      -11882.1143    
   1577.99304      -10823.8418       2231.61914      -11325.3867       2733.16431      -11979.0127    
   1583.99292      -10916.7393       2240.10449      -11420.1914       2743.55640      -12076.3027    
   1589.99280      -11010.0283       2248.58960      -11515.3867       2753.94849      -12173.9834    
   1595.99268      -11103.7109       2257.07471      -11610.9766       2764.34058      -12272.0586    
   1601.99268      -11197.7852       2265.55981      -11706.9580       2774.73291      -12370.5254    
   1607.99255      -11292.2500       2274.04492      -11803.3301       2785.12500      -12469.3828    
   1613.99243      -11387.1094       2282.53003      -11900.0957       2795.51709      -12568.6338    
   1619.99231      -11482.3584       2291.01538      -11997.2520       2805.90918      -12668.2754    
   1625.99231      -11577.9990       2299.50049      -12094.8008       2816.30151      -12768.3086    
   1631.99219      -11674.0342       2307.98560      -12192.7422       2826.69360      -12868.7354    
   1637.99207      -11770.4590       2316.47070      -12291.0742       2837.08569      -12969.5527    
   1643.99194      -11867.2764       2324.95581      -12389.7979       2847.47778      -13070.7617    
   1649.99194      -11964.4863       2333.44116      -12488.9150       2857.87012      -13172.3643    
   1655.99182      -12062.0879       2341.92627      -12588.4238       2868.26221      -13274.3584    
   1661.99170      -12160.0811       2350.41138      -12688.3242       2878.65430      -13376.7432    
   1667.99158      -12258.4668       2358.89648      -12788.6172       2889.04639      -13479.5215    
   1673.99158      -12357.2451       2367.38159      -12889.3018       2899.43848      -13582.6924    
   1679.99146      -12456.4150       2375.86670      -12990.3789       2909.83081      -13686.2549    
   1685.99133      -12555.9766       2384.35205      -13091.8477       2920.22290      -13790.2080    
   1691.99121      -12655.9297       2392.83716      -13193.7080       2930.61499      -13894.5537    
   1697.99109      -12756.2764       2401.32227      -13295.9609       2941.00708      -13999.2920    
   1703.99109      -12857.0127       2409.80737      -13398.6045       2951.39941      -14104.4209    
   1709.99097      -12958.1426       2418.29248      -13501.6406       2961.79150      -14209.9424    
   1715.99084      -13059.6641       2426.77783      -13605.0703       2972.18359      -14315.8564    
   1721.99072      -13161.5781       2435.26294      -13708.8906       2982.57568      -14422.1621    
   1727.99072      -13263.8828       2443.74805      -13813.1025       2992.96802      -14528.8594    
   1733.99060      -13366.5801       2452.23315      -13917.7070       3003.36011      -14635.9492    
   1739.99048      -13469.6699       2460.71826      -14022.7031       3013.75220      -14743.4316    
   1745.99036      -13573.1504       2469.20337      -14128.0918       3024.14429      -14851.3047    
   1751.99036      -13677.0264       2477.68872      -14233.8740       3034.53638      -14959.5723    
   1757.99023      -13781.2920       2486.17383      -14340.0469       3044.92871      -15068.2305    
   1763.99011      -13885.9492       2494.65894      -14446.6104       3055.32080      -15177.2793    
   1769.98999      -13990.9980       2503.14404      -14553.5664       3065.71289      -15286.7207    
   1775.98999      -14096.4395       2511.62915      -14660.9160       3076.10498      -15396.5547    
   1781.98987      -14202.2725       2520.11450      -14768.6553       3086.49731      -15506.7793    
   1787.98975      -14308.4990       2528.59961      -14876.7891       3096.88940      -15617.3984    
   1793.98962      -14415.1152       2537.08472      -14985.3115       3107.28149      -15728.4062    
   1799.98962      -14522.1250       2545.56982      -15094.2285       3117.67358      -15839.8086    
   1805.98950      -14629.5254       2554.05493      -15203.5371       3128.06592      -15951.6025    
   1811.98938      -14737.3193       2562.54004      -15313.2373       3138.45801      -16063.7881    
   1817.98926      -14845.5059       2571.02539      -15423.3301       3148.85010      -16176.3662    
   1823.98926      -14954.0820       2579.51050      -15533.8135       3159.24219      -16289.3350    
   1829.98914      -15063.0508       2587.99561      -15644.6895       3169.63428      -16402.6953    
   1835.98901      -15172.4131       2596.48071      -15755.9590       3180.02661      -16516.4512    
   1841.98889      -15282.1670       2604.96582      -15867.6201       3190.41870      -16630.5977    
   1847.98889      -15392.3125       2613.45117      -15979.6719       3200.81079      -16745.1348    
   1853.98877      -15502.8477       2621.93628      -16092.1143       3211.20288      -16860.0625    
   1859.98865      -15613.7773       2630.42139      -16204.9512       3221.59521      -16975.3848    
   1865.98853      -15725.1006       2638.90649      -16318.1816       3231.98730      -17091.0996    
   1871.98853      -15836.8125       2647.39160      -16431.8008       3242.37939      -17207.2031    
   1877.98840      -15948.9180       2655.87671      -16545.8125       3252.77148      -17323.7012    
   1883.98828      -16061.4141       2664.36206      -16660.2168       3263.16382      -17440.5898    
   1889.98816      -16174.3037       2672.84717      -16775.0117       3273.55591      -17557.8711    
   1895.98816      -16287.5850       2681.33228      -16890.2012       3283.94800      -17675.5449    
   1901.98804      -16401.2598       2689.81738      -17005.7812       3294.34009      -17793.6113    
   1907.98792      -16515.3242       2698.30249      -17121.7539       3304.73218      -17912.0684    
   1913.98779      -16629.7793       2706.78784      -17238.1172       3315.12451      -18030.9160    
   1919.98779      -16744.6289       2715.27295      -17354.8730       3325.51660      -18150.1582    
   1925.98767      -16859.8730       2723.75806      -17472.0234       3335.90869      -18269.7930    
   1931.98755      -16975.5039       2732.24316      -17589.5625       3346.30078      -18389.8164    
   1937.98743      -17091.5293       2740.72827      -17707.4941       3356.69312      -18510.2344    
   1943.98743      -17207.9453       2749.21338      -17825.8184       3367.08521      -18631.0430    
   1949.98730      -17324.7559       2757.69873      -17944.5332       3377.47729      -18752.2441    
   1955.98718      -17441.9570       2766.18384      -18063.6426       3387.86938      -18873.8398    
   1961.98706      -17559.5508       2774.66895      -18183.1445       3398.26172      -18995.8262    
   1967.98706      -17677.5352       2783.15405      -18303.0352       3408.65381      -19118.2031    
   1973.98694      -17795.9102       2791.63916      -18423.3184       3419.04590      -19240.9707    
   1979.98682      -17914.6797       2800.12451      -18543.9922       3429.43799      -19364.1309    
   1985.98669      -18033.8418       2808.60962      -18665.0625       3439.83008      -19487.6855    
   1991.98669      -18153.3945       2817.09473      -18786.5234       3450.22241      -19611.6309    
   1997.98657      -18273.3398       2825.57983      -18908.3750       3460.61450      -19735.9688    
   2003.98645      -18393.6777       2834.06494      -19030.6191       3471.00659      -19860.6973    
   2009.98633      -18514.4062       2842.55005      -19153.2539       3481.39868      -19985.8184    
   2015.98633      -18635.5273       2851.03540      -19276.2832       3491.79102      -20111.3320    
   2021.98621      -18757.0410       2859.52051      -19399.7031       3502.18311      -20237.2383    
   2027.98608      -18878.9453       2868.00562      -19523.5137       3512.57520      -20363.5332    
   2033.98596      -19001.2422       2876.49072      -19647.7188       3522.96729      -20490.2227    
   2039.98596      -19123.9297       2884.97583      -19772.3125       3533.35962      -20617.3027    
   2045.98584      -19247.0117       2893.46118      -19897.3027       3543.75171      -20744.7773    
   2051.98584      -19370.4844       2901.94629      -20022.6836       3554.14380      -20872.6426    
   2057.98560      -19494.3516       2910.43140      -20148.4551       3564.53589      -21000.9004    
   2063.98560      -19618.6074       2918.91650      -20274.6191       3574.92822      -21129.5488    
   2069.98535      -19743.2539       2927.40161      -20401.1719       3585.32031      -21258.5879    
   2075.98535      -19868.2969       2935.88672      -20528.1230       3595.71240      -21388.0234    
   2081.98535      -19993.7305       2944.37207      -20655.4609       3606.10449      -21517.8477    
   2087.98511      -20119.5547       2952.85718      -20783.1934       3616.49658      -21648.0664    
   2093.98511      -20245.7715       2961.34229      -20911.3184       3626.88892      -21778.6758    
   2099.98511      -20372.3789       2969.82739      -21039.8320       3637.28101      -21909.6758    
   2105.98486      -20499.3789       2978.31250      -21168.7402       3647.67310      -22041.0684    
   2111.98486      -20626.7734       2986.79785      -21298.0391       3658.06519      -22172.8535    
   2117.98462      -20754.5566       2995.28296      -21427.7305       3668.45752      -22305.0293    
   2123.98462      -20882.7344       3003.76807      -21557.8164       3678.84961      -22437.5996    
   2129.98462      -21011.3027       3012.25317      -21688.2910       3689.24170      -22570.5605    
   2135.98438      -21140.2617       3020.73828      -21819.1582       3699.63379      -22703.9121    
   2141.98438      -21269.6172       3029.22339      -21950.4199       3710.02612      -22837.6582    
   2147.98438      -21399.3613       3037.70874      -22082.0703       3720.41821      -22971.7949    
   2153.98413      -21529.4980       3046.19385      -22214.1152       3730.81030      -23106.3242    
   2159.98413      -21660.0273       3054.67896      -22346.5508       3741.20239      -23241.2461    
   2165.98389      -21790.9492       3063.16406      -22479.3789       3751.59448      -23376.5586    
   2171.98389      -21922.2617       3071.64917      -22612.5996       3761.98682      -23512.2637    
   2177.98389      -22053.9648       3080.13452      -22746.2090       3772.37891      -23648.3594    
   2183.98364      -22186.0605       3088.61963      -22880.2129       3782.77100      -23784.8477    
   2189.98364      -22318.5508       3097.10474      -23014.6074       3793.16309      -23921.7285    
   2195.98340      -22451.4297       3105.58984      -23149.3945       3803.55542      -24059.0000    
   2201.98340      -22584.7031       3114.07495      -23284.5762       3813.94751      -24196.6660    
   2207.98340      -22718.3672       3122.56006      -23420.1465       3824.33960      -24334.7227    
   2213.98315      -22852.4238       3131.04541      -23556.1113       3834.73169      -24473.1719    
   2219.98315      -22986.8711       3139.53052      -23692.4648       3845.12402      -24612.0117    
   2225.98315      -23121.7148       3148.01562      -23829.2148       3855.51611      -24751.2480    
   2231.98291      -23256.9473       3156.50073      -23966.3555       3865.90820      -24890.8730    
   2237.98291      -23392.5703       3164.98584      -24103.8848       3876.30029      -25030.8887    
   2243.98267      -23528.5898       3173.47119      -24241.8105       3886.69238      -25171.2988    
   2249.98267      -23664.9961       3181.95630      -24380.1230       3897.08472      -25312.0977    
   2255.98267      -23801.7969       3190.44141      -24518.8320       3907.47681      -25453.2910    
   2261.98242      -23938.9883       3198.92651      -24657.9316       3917.86890      -25594.8750    
   2267.98242      -24076.5723       3207.41162      -24797.4219       3928.26099      -25736.8516    
   2273.98242      -24214.5469       3215.89673      -24937.3047       3938.65332      -25879.2188    
   2279.98218      -24352.9180       3224.38208      -25077.5801       3949.04541      -26021.9805    
   2285.98218      -24491.6777       3232.86719      -25218.2480       3959.43750      -26165.1328    
   2291.98193      -24630.8301       3241.35229      -25359.3086       3969.82959      -26308.6777    
   2297.98193      -24770.3750       3249.83740      -25500.7598       3980.22192      -26452.6152    
   2303.98193      -24910.3125       3258.32251      -25642.6035       3990.61401      -26596.9434    
   2309.98169      -25050.6406       3266.80786      -25784.8379       4001.00610      -26741.6641    
   2315.98169      -25191.3613       3275.29297      -25927.4668       4011.39819      -26886.7773    
   2321.98169      -25332.4707       3283.77808      -26070.4844       4021.79028      -27032.2793    
   2327.98145      -25473.9766       3292.26318      -26213.8965       4032.18262      -27178.1777    
   2333.98145      -25615.8730       3300.74829      -26357.6992       4042.57471      -27324.4648    
   2339.98120      -25758.1621       3309.23340      -26501.8945       4052.96680      -27471.1484    
   2345.98120      -25900.8418       3317.71875      -26646.4824       4063.35889      -27618.2188    
   2351.98120      -26043.9121       3326.20386      -26791.4609       4073.75122      -27765.6836    
   2357.98096      -26187.3789       3334.68896      -26936.8320       4084.14331      -27913.5410    
   2363.98096      -26331.2363       3343.17407      -27082.5977       4094.53540      -28061.7910    
   2369.98096      -26475.4824       3351.65918      -27228.7500       4104.92773      -28210.4297    
   2375.98071      -26620.1211       3360.14453      -27375.2969       4115.31982      -28359.4609    
   2381.98071      -26765.1562       3368.62964      -27522.2383       4125.71191      -28508.8867    
   2387.98047      -26910.5801       3377.11475      -27669.5684       4136.10400      -28658.7031    
   2393.98047      -27056.3965       3385.59985      -27817.2930       4146.49609      -28808.9121    
   2399.98047      -27202.6055       3394.08496      -27965.4102       4156.88818      -28959.5137    
   2405.98022      -27349.2031       3402.57007      -28113.9141       4167.28027      -29110.5039    
   2411.98022      -27496.1973       3411.05542      -28262.8145       4177.67236      -29261.8887    
   2417.98022      -27643.5801       3419.54053      -28412.1035       4188.06494      -29413.6641    
   2423.97998      -27791.3555       3428.02563      -28561.7871       4198.45703      -29565.8320    
   2429.97998      -27939.5254       3436.51074      -28711.8633       4208.84912      -29718.3945    
   2435.97974      -28088.0820       3444.99585      -28862.3281       4219.24121      -29871.3438    
   2441.97974      -28237.0371       3453.48120      -29013.1895       4229.63330      -30024.6895    
   2447.97974      -28386.3809       3461.96631      -29164.4395       4240.02539      -30178.4258    
   2453.97949      -28536.1172       3470.45142      -29316.0840       4250.41748      -30332.5547    
   2459.97949      -28686.2461       3478.93652      -29468.1172       4260.80957      -30487.0742    
   2465.97949      -28836.7656       3487.42163      -29620.5469       4271.20215      -30641.9883    
   2471.97925      -28987.6758       3495.90674      -29773.3633       4281.59424      -30797.2891    
   2477.97925      -29138.9824       3504.39209      -29926.5762       4291.98633      -30952.9902    
   2483.97900      -29290.6758       3512.87720      -30080.1777       4302.37842      -31109.0762    
   2489.97900      -29442.7656       3521.36230      -30234.1719       4312.77051      -31265.5566    
   2495.97900      -29595.2480       3529.84741      -30388.5625       4323.16260      -31422.4316    
   2501.97876      -29748.1172       3538.33252      -30543.3398       4333.55469      -31579.6934    
   2507.97876      -29901.3809       3546.81787      -30698.5098       4343.94678      -31737.3496    
   2513.97876      -30055.0391       3555.30298      -30854.0762       4354.33887      -31895.4004    
   2519.97852      -30209.0859       3563.78809      -31010.0273       4364.73145      -32053.8379    
   2525.97852      -30363.5254       3572.27319      -31166.3750       4375.12354      -32212.6699    
   2531.97827      -30518.3555       3580.75830      -31323.1133       4385.51562      -32371.8926    
   2537.97827      -30673.5801       3589.24341      -31480.2441       4395.90771      -32531.5098    
   2543.97827      -30829.1953       3597.72876      -31637.7676       4406.29980      -32691.5176    
   2549.97803      -30985.2070       3606.21387      -31795.6836       4416.69189      -32851.9219    
   2555.97803      -31141.6035       3614.69897      -31953.9883       4427.08398      -33012.7109    
   2561.97803      -31298.3945       3623.18408      -32112.6875       4437.47607      -33173.8945    
   2567.97778      -31455.5820       3631.66919      -32271.7793       4447.86816      -33335.4727    
   2573.97778      -31613.1562       3640.15454      -32431.2637       4458.26074      -33497.4414    
   2579.97754      -31771.1250       3648.63965      -32591.1367       4468.65283      -33659.8008    
   2585.97754      -31929.4863       3657.12476      -32751.4062       4479.04492      -33822.5547    
   2591.97754      -32088.2344       3665.60986      -32912.0625       4489.43701      -33985.6953    
   2597.97729      -32247.3789       3674.09497      -33073.1133       4499.82910      -34149.2305    
   2603.97729      -32406.9160       3682.58008      -33234.5547       4510.22119      -34313.1602    
   2609.97729      -32566.8438       3691.06543      -33396.3906       4520.61328      -34477.4805    
   2615.97705      -32727.1621       3699.55054      -33558.6172       4531.00537      -34642.1914    
   2621.97705      -32887.8750       3708.03564      -33721.2383       4541.39795      -34807.2969    
   2627.97681      -33048.9805       3716.52075      -33884.2500       4551.79004      -34972.7930    
   2633.97681      -33210.4727       3725.00586      -34047.6484       4562.18213      -35138.6797    
   2639.97681      -33372.3633       3733.49121      -34211.4453       4572.57422      -35304.9609    
   2645.97656      -33534.6445       3741.97632      -34375.6328       4582.96631      -35471.6328    
   2651.97656      -33697.3125       3750.46143      -34540.2109       4593.35840      -35638.6953    
   2657.97632      -33860.3789       3758.94653      -34705.1836       4603.75049      -35806.1523    
   2663.97632      -34023.8281       3767.43164      -34870.5391       4614.14258      -35973.9961    
   2669.97632      -34187.6797       3775.91699      -35036.2969       4624.53467      -36142.2383    
   2675.97607      -34351.9219       3784.40210      -35202.4453       4634.92725      -36310.8711    
   2681.97607      -34516.5508       3792.88721      -35368.9844       4645.31934      -36479.8945    
   2687.97607      -34681.5742       3801.37231      -35535.9141       4655.71143      -36649.3086    
   2693.97583      -34846.9922       3809.85742      -35703.2344       4666.10352      -36819.1172    
   2699.97583      -35012.8008       3818.34253      -35870.9531       4676.49561      -36989.3203    
   2705.97559      -35179.0000       3826.82788      -36039.0586       4686.88770      -37159.9102    
   2711.97559      -35345.5898       3835.31299      -36207.5586       4697.27979      -37330.8945    
   2717.97559      -35512.5703       3843.79810      -36376.4453       4707.67188      -37502.2656    
   2723.97534      -35679.9492       3852.28320      -36545.7266       4718.06396      -37674.0352    
   2729.97534      -35847.7148       3860.76831      -36715.4023       4728.45654      -37846.1953    
   2735.97534      -36015.8789       3869.25366      -36885.4727       4738.84863      -38018.7500    
   2741.97510      -36184.4258       3877.73877      -37055.9297       4749.24072      -38191.6914    
   2747.97510      -36353.3711       3886.22388      -37226.7812       4759.63281      -38365.0273    
   2753.97485      -36522.7070       3894.70898      -37398.0234       4770.02490      -38538.7539    
   2759.97485      -36692.4297       3903.19409      -37569.6523       4780.41699      -38712.8711    
   2765.97485      -36862.5547       3911.67920      -37741.6836       4790.80908      -38887.3867    
   2771.97461      -37033.0703       3920.16455      -37914.1055       4801.20117      -39062.2930    
   2777.97461      -37203.9688       3928.64966      -38086.9141       4811.59375      -39237.5859    
   2783.97461      -37375.2656       3937.13477      -38260.1172       4821.98584      -39413.2734    
   2789.97437      -37546.9531       3945.61987      -38433.7109       4832.37793      -39589.3594    
   2795.97437      -37719.0352       3954.10498      -38607.6992       4842.77002      -39765.8281    
   2801.97412      -37891.5000       3962.59033      -38782.0742       4853.16211      -39942.6914    
   2807.97412      -38064.3633       3971.07544      -38956.8438       4863.55420      -40119.9453    
   2813.97412      -38237.6250       3979.56055      -39132.0078       4873.94629      -40297.5977    
   2819.97388      -38411.2656       3988.04565      -39307.5586       4884.33838      -40475.6328    
   2825.97388      -38585.3047       3996.53076      -39483.5039       4894.73047      -40654.0625    
   2831.97388      -38759.7422       4005.01587      -39659.8477       4905.12305      -40832.8906    
   2837.97363      -38934.5625       4013.50122      -39836.5781       4915.51514      -41012.1055    
   2843.97363      -39109.7773       4021.98633      -40013.6953       4925.90723      -41191.7109    
   2849.97339      -39285.3828       4030.47144      -40191.2109       4936.29932      -41371.7109    
   2855.97339      -39461.3828       4038.95654      -40369.1172       4946.69141      -41552.1016    
   2861.97339      -39637.7773       4047.44165      -40547.4180       4957.08350      -41732.8867    
   2867.97314      -39814.5586       4055.92700      -40726.1094       4967.47559      -41914.0625    
   2873.97314      -39991.7344       4064.41211      -40905.1875       4977.86768      -42095.6289    
   2879.97314      -40169.3008       4072.89722      -41084.6641       4988.26025      -42277.5898    
   2885.97290      -40347.2578       4081.38232      -41264.5273       4998.65234      -42459.9375    
   2891.97290      -40525.6133       4089.86743      -41444.7891       5009.04443      -42642.6836    
   2897.97266      -40704.3555       4098.35254      -41625.4414       5019.43652      -42825.8203    
   2903.97266      -40883.4883       4106.83789      -41806.4766       5029.82861      -43009.3438    
   2909.97266      -41063.0156       4115.32275      -41987.9141       5040.22070      -43193.2656    
   2915.97241      -41242.9375       4123.80811      -42169.7422       5050.61279      -43377.5781    
   2921.97241      -41423.2500       4132.29346      -42351.9609       5061.00488      -43562.2812    
   2927.97241      -41603.9492       4140.77832      -42534.5703       5071.39697      -43747.3750    
   2933.97217      -41785.0469       4149.26367      -42717.5703       5081.78955      -43932.8633    
   2939.97217      -41966.5312       4157.74854      -42900.9648       5092.18164      -44118.7422    
   2945.97192      -42148.4102       4166.23389      -43084.7500       5102.57373      -44305.0117    
   2951.97192      -42330.6836       4174.71924      -43268.9297       5112.96582      -44491.6758    
   2957.97192      -42513.3477       4183.20410      -43453.5039       5123.35791      -44678.7344    
   2963.97168      -42696.3984       4191.68945      -43638.4609       5133.75000      -44866.1758    
   2969.97168      -42879.8516       4200.17432      -43823.8164       5144.14209      -45054.0195    
   2975.97168      -43063.6875       4208.65967      -44009.5625       5154.53418      -45242.2500    
   2981.97144      -43247.9180       4217.14453      -44195.6992       5164.92627      -45430.8711    
   2987.97144      -43432.5430       4225.62988      -44382.2344       5175.31885      -45619.8906    
   2993.97119      -43617.5586       4234.11523      -44569.1562       5185.71094      -45809.2969    
   2999.97119      -43802.9648       4242.60010      -44756.4648       5196.10303      -45999.0938    
